% -------------------------------------------------------------------
%  Generated by MATLAB on 5-Dec-2017 08:21:56
%  MATLAB version: 9.1.0.441655 (R2016b)
% -------------------------------------------------------------------
                                 

M = ...
  [0.021520763499999998 0.17376973499999993 2.0000075364999987 2.827162449 ...
   2.6988975955 1.8036843809999998 0.29725798950000004 0.84815528700000031 ...
   0.041852195750000008 0.23877488049999995 2.9674013204999987 2.8997155945000022 ...
   3.4558920664999988 2.6045295164999982 0.45991939049999991 1.6953007502500019 ...
   0.0588098 0.2590743 3.2575256 2.9149835 3.6363608 2.8309261 0.5101277 ...
   1.9317377999999998 6.9039565943238739E-5 0.00022693055091819696 0.0032525517529215361 ...
   0.00034947963272120158 0.0024526716193656092 0.002578507512520868 0.00055703505843071783 ...
   0.0024174836393989979 21.006898550000003 130.0727906 1584.67864915 1722.50841325 ...
   1919.2345600499998 1400.4900197 243.07605839999997 846.54365605;
   0.024748299499999987 0.18210872449999996 1.8915662760000018 2.7918906480000003 ...
   2.6432212404999991 1.7490921269999986 0.28106917749999993 0.76077982750000017 ...
   0.041983442500000009 0.2332526225 2.9011650675 2.8830766619999988 3.4326034412500035 ...
   2.549200904000001 0.45124296500000022 1.5529315009999993 0.059434500000000015 ...
   0.25588540000000004 3.2226470000000007 2.9020973000000003 3.6240333000000007 ...
   2.7932856999999998 0.503455 1.8087911999999995 5.9764941569282163E-5 ...
   0.00019136794657762947 0.00311112487479132 0.00036276143572621137 0.0024489393989983311 ...
   0.0024335128547579295 0.00055154791318864774 0.0022486163606010006 21.701501999999998 ...
   129.52422320000005 1536.4884170999999 1708.8153441499999 1898.7950486500001 ...
   1367.4343384000001 236.37275509999995 772.1932353;
   0.027608114499999989 0.20459278099999983 2.0740646745000006 2.7920510485 ...
   2.6121942624999974 1.735702799 0.28136373049999985 0.755330244 0.043577566500000019 ...
   0.28027505875000008 3.02804335675 2.8800473592500015 3.4393366857499994 ...
   2.5793559910000012 0.45228405874999988 1.5182264682499997 0.0559496 ...
   0.3011193 3.3214318 2.8982182 3.6298845999999996 2.8135359 0.5046382 ...
   1.7733866999999996 4.6153923205342242E-5 0.00024471118530884807 0.0031255590984974953 ...
   0.00036358480801335541 0.0024346707846410677 0.0025845989983305511 0.00055001118530884823 ...
   0.0021280444073455752 22.910522999999998 152.8007514 1623.6449507500001 ...
   1707.63982885 1895.2728261000002 1376.8435077 236.84645975 757.22059870000021 ...
   ;
   0.019552146999999988 0.20336150349999996 2.277993390500002 2.806350055000002 ...
   2.81554811 1.5986268900000002 0.2999583615 0.7390308129999994 0.037029191749999989 ...
   0.28439885000000009 3.3326195092500024 2.9006008652500022 3.6604620647500017 ...
   2.4817865287500003 0.4994814935000001 1.6884270050000003 0.051117199999999995 ...
   0.30822000000000005 3.6126917999999995 2.9180738000000006 3.8363309 ...
   2.7598534 0.55615060000000016 1.9864066 5.663606010016694E-5 0.00025930984974958276 ...
   0.003429051085141902 0.00036830434056761389 0.0024821986644407352 0.0025566647746243739 ...
   0.00061005041736227072 0.0025268058430717865 18.6879514 154.20128399999996 ...
   1786.0607907999995 1718.7025904500001 2024.2015354999999 1310.4458571999999 ...
   259.41082920000008 821.94733634999989;
   0.0225715765 0.22545222849999988 1.9834667865000002 2.8091967335000017 ...
   2.5975440205000009 1.9625667875000006 0.2956876365 0.81211438650000045 ...
   0.036922269999999979 0.284796537 2.9614499862500003 2.8801829732500006 ...
   3.3087173564999994 2.7685888765000004 0.44525763075000008 1.5786671929999989 ...
   0.0472712 0.3011195 3.2506881 2.8958841000000008 3.4837618 2.9729065000000006 ...
   0.48977949999999992 1.8382458000000004 4.6428714524207017E-5 0.00022292454090150246 ...
   0.0031825245409015024 0.00032418030050083605 0.0024335727879799666 0.0026242782971619377 ...
   0.00053250484140233707 0.0021998277128547588 19.2498575 158.7747069 ...
   1578.9758298000002 1711.1137439 1840.24083995 1497.7619729499997 236.9102853 ...
   792.71035709999978;
   0.024003524999999984 0.23414623700000017 2.1099795689999996 2.8458791435000008 ...
   2.7611382915 2.1329372320000006 0.329389889 0.92335789399999935 0.039654947 ...
   0.29908756274999992 3.0070236804999975 2.8917371037500015 3.3670557667499992 ...
   2.9709352704999992 0.46231150499999979 1.6830580292500006 0.050262699999999993 ...
   0.31548479999999995 3.2792224000000005 2.903938 3.5278449000000003 3.1535796000000005 ...
   0.5023373 1.9328556 5.1038564273789642E-5 0.00023702821368948242 0.0032461315525876473 ...
   0.00026079282136894853 0.0026479357262103515 0.0030068519198664452 0.000544249081803005 ...
   0.0022907101836393989 20.62770715 166.21977765 1622.4983799999995 1723.0448396499999 ...
   1896.31517685 1612.70852715 250.46324509999994 856.6480026;
   0.020053802 0.17098554500000002 1.1713209555 2.7131314919999987 1.814523174 ...
   1.6535031149999997 0.16922878200000002 0.63581235149999993 0.035946676999999982 ...
   0.2223395337500001 1.2221201317500001 2.7964511917500015 1.9451637442499998 ...
   2.4207674479999985 0.2584590585 1.1352268937499996 0.048717699999999996 ...
   0.23803559999999999 1.2617121999999998 2.8227077 2.0074126999999997 ...
   2.7432851 0.296517 1.3504371000000002 5.0654424040066766E-5 0.00016678196994991654 ...
   0.00018615442404006633 0.00028823322203672764 0.00052065108514190255 ...
   0.0024094200333889819 0.000276213021702838 0.0014091095158597665 18.355884500000002 ...
   122.94483810000001 721.90628485 1658.47039325 1139.1186547999998 1296.9859384000001 ...
   137.0155886 580.32481899999993;
   0.021506979999999995 0.17586819900000009 1.579736966 2.977044456 2.4344620785 ...
   1.6990081174999994 0.23556407700000012 0.74557488199999977 0.03696737399999997 ...
   0.21864924125000013 1.8233634667499989 2.9624730839999995 2.7502445389999992 ...
   2.3110591444999984 0.28472077449999994 1.1600264047499997 0.049177999999999993 ...
   0.23343319999999998 1.803696 2.9532812999999996 2.7357573000000004 2.5930533000000002 ...
   0.29743769999999997 1.3063212 5.0380300500834715E-5 0.00013780500834724533 ...
   0.00077074123539232035 -4.3465275459099234E-5 0.0012713641068447421 ...
   0.0019331120200333891 0.00023236377295492484 0.0011390430717863104 19.054256499999997 ...
   122.4411757 1043.7199209 1777.43182565 1584.6352475500003 1262.21119505 ...
   160.77328044999996 612.1603605;
   0.029016377499999985 0.20504198100000007 1.2341819369999996 2.7953316639999981 ...
   1.9115333074999998 1.9237608079999995 0.17343609549999994 0.82791807900000036 ...
   0.044594668499999948 0.2491441295000002 1.1734148259999992 2.8184439857500005 ...
   1.9690727567499988 2.6984896092499993 0.23045661049999988 1.1463320080000008 ...
   0.0556869 0.2609149 1.1865966000000001 2.8261265 1.9880501 2.9638664 ...
   0.25762779999999996 1.2490558999999999 4.8075292153589315E-5 0.00014806694490818029 ...
   -0.00013182237061769609 9.77976627712849E-5 0.00035644891485809682 0.0023667789649415693 ...
   0.00017973305509181968 0.00090766794657762945 23.599854549999996 140.44947915000003 ...
   714.97624039999994 1683.647091 1168.05447055 1461.8929891999996 126.66606555 ...
   623.13920964999988];

